1980	9.203989181905479
1981	9.015014872371223
1982	8.484320671179338
1983	8.414570805981729
1984	8.741036592680842
1985	8.267684060672648
1986	8.058753547160597
1987	7.722208363533638
1988	7.732142661518762
1989	7.563435987757714
1990	7.188797205415455
1991	7.130871515114599
1992	6.521118378913739
1993	6.577666831701649
1994	6.353446524011426
1995	5.20404347220779
1996	5.070612659681822
1997	5.023103471653582
1998	4.9852147702500895
1999	4.8617435180656035
2000	4.535182941460231
2001	4.2478740040728535
2002	3.8933909508457765
2003	3.92588547655215
2004	3.7548607947675507
2005	3.8158496159756603
2006	3.3144549565295547
2007	3.1636346517289806
2008	3.0448355557922455
2009	2.5518466683051857
2010	2.39226447713203
2011	1.9312560201193079
2012	1.7412721636385233
2013	1.4664684749835069
2014	1.433630375906548
2015	1.2225127222099321
2016	1.0609603992544094
2017	1.0559102990948213
2018	0.9766315774225917
2019	0.8593702226154117
